[[5.989e-01 5.140e-01 5.221e-01 5.052e-01]
 [1.469e-01 2.180e-01 1.856e-01 5.307e-01]
 [4.566e-01 1.848e-01 1.744e-01 1.654e-01]
 [7.423e-08 6.333e-04 0.000e+00 1.592e-01]
 [6.332e-01 3.783e-01 4.546e-01 4.250e-01]
 [0.000e+00 0.000e+00 0.000e+00 0.000e+00]
 [3.342e-01 1.902e-01 2.007e-01 7.753e-02]
 [0.000e+00 0.000e+00 0.000e+00 0.000e+00]
 [4.940e-01 3.743e-01 4.179e-01 6.543e-01]
 [4.240e-01 7.197e-01 2.135e-01 3.728e-01]
 [6.951e-01 3.735e-01 2.697e-01 2.502e-01]
 [0.000e+00 0.000e+00 0.000e+00 0.000e+00]
 [0.000e+00 0.000e+00 0.000e+00 0.000e+00]
 [3.682e-01 4.796e-01 8.057e-01 4.700e-01]
 [6.098e-01 8.939e-01 7.391e-01 7.746e-01]
 [0.000e+00 0.000e+00 0.000e+00 0.000e+00]]
