[[2.956e-01 1.366e-01 1.438e-01 1.686e-01]
 [8.072e-02 4.627e-05 1.053e-01 1.561e-01]
 [1.305e-02 1.705e-01 9.005e-02 3.552e-02]
 [3.688e-03 9.737e-03 9.665e-03 1.061e-01]
 [3.711e-01 9.310e-03 3.555e-02 1.772e-01]
 [0.000e+00 0.000e+00 0.000e+00 0.000e+00]
 [3.107e-02 6.497e-03 9.228e-02 7.156e-07]
 [0.000e+00 0.000e+00 0.000e+00 0.000e+00]
 [6.386e-02 6.309e-02 7.237e-02 3.757e-01]
 [6.668e-02 5.434e-01 1.980e-01 5.133e-02]
 [5.175e-01 8.654e-02 7.221e-04 1.479e-01]
 [0.000e+00 0.000e+00 0.000e+00 0.000e+00]
 [0.000e+00 0.000e+00 0.000e+00 0.000e+00]
 [2.235e-02 1.082e-01 2.801e-01 4.289e-03]
 [7.323e-02 2.829e-01 6.924e-01 2.522e-01]
 [0.000e+00 0.000e+00 0.000e+00 0.000e+00]]
