[[2.417e-01 2.456e-01 2.302e-01 2.566e-01]
 [2.166e-03 5.947e-03 4.009e-03 1.241e-01]
 [1.259e-02 7.429e-03 1.391e-01 1.576e-02]
 [7.771e-03 2.027e-02 3.575e-03 2.147e-02]
 [2.826e-01 2.304e-04 2.230e-01 4.751e-02]
 [0.000e+00 0.000e+00 0.000e+00 0.000e+00]
 [4.187e-01 2.230e-04 4.670e-04 2.336e-09]
 [0.000e+00 0.000e+00 0.000e+00 0.000e+00]
 [7.914e-02 7.495e-04 3.349e-01 3.640e-01]
 [8.908e-02 3.845e-01 1.109e-01 2.942e-01]
 [7.900e-01 1.066e-01 4.892e-03 5.197e-03]
 [0.000e+00 0.000e+00 0.000e+00 0.000e+00]
 [0.000e+00 0.000e+00 0.000e+00 0.000e+00]
 [1.242e-01 1.088e-01 5.485e-01 4.284e-02]
 [2.615e-01 9.234e-01 5.327e-01 4.454e-01]
 [0.000e+00 0.000e+00 0.000e+00 0.000e+00]]
