[[3.205e-01 1.302e-01 2.304e-01 1.292e-01]
 [4.401e-02 2.687e-02 5.837e-02 3.748e-01]
 [4.361e-02 3.049e-02 4.643e-02 7.349e-02]
 [4.356e-03 2.006e-03 9.381e-03 6.089e-02]
 [4.470e-01 1.991e-02 5.568e-02 5.122e-02]
 [0.000e+00 0.000e+00 0.000e+00 0.000e+00]
 [1.706e-05 1.465e-07 5.182e-03 4.601e-07]
 [0.000e+00 0.000e+00 0.000e+00 0.000e+00]
 [5.340e-02 4.946e-03 1.089e-01 2.738e-01]
 [9.567e-02 6.709e-01 2.726e-02 3.362e-05]
 [8.129e-02 2.458e-02 1.279e-03 2.116e-02]
 [0.000e+00 0.000e+00 0.000e+00 0.000e+00]
 [0.000e+00 0.000e+00 0.000e+00 0.000e+00]
 [9.248e-03 1.510e-01 8.958e-01 4.346e-01]
 [6.835e-01 9.943e-01 7.755e-01 2.603e-01]
 [0.000e+00 0.000e+00 0.000e+00 0.000e+00]]
