[[2.022e-01 1.330e-01 7.706e-02 4.881e-02]
 [1.336e-02 4.359e-03 9.685e-03 5.937e-02]
 [1.599e-02 7.969e-03 8.185e-03 2.153e-02]
 [3.851e-03 7.590e-03 3.802e-03 1.853e-02]
 [3.803e-01 3.184e-02 1.921e-01 5.243e-02]
 [0.000e+00 0.000e+00 0.000e+00 0.000e+00]
 [2.373e-01 2.284e-03 2.043e-04 4.284e-06]
 [0.000e+00 0.000e+00 0.000e+00 0.000e+00]
 [3.643e-04 2.298e-02 1.380e-03 7.296e-01]
 [6.320e-02 6.526e-01 9.931e-03 1.278e-01]
 [7.597e-01 1.196e-03 1.499e-01 7.619e-02]
 [0.000e+00 0.000e+00 0.000e+00 0.000e+00]
 [0.000e+00 0.000e+00 0.000e+00 0.000e+00]
 [9.265e-02 7.528e-02 6.454e-01 3.678e-02]
 [5.669e-01 9.196e-01 2.102e-01 5.098e-01]
 [0.000e+00 0.000e+00 0.000e+00 0.000e+00]]
