[[3.153e-01 1.653e-01 1.856e-01 1.817e-01]
 [1.603e-02 8.338e-03 8.188e-03 1.861e-01]
 [3.046e-02 2.987e-02 3.109e-02 4.391e-02]
 [7.945e-03 1.569e-02 5.020e-03 2.987e-02]
 [4.367e-01 9.428e-02 1.657e-01 5.383e-02]
 [0.000e+00 0.000e+00 0.000e+00 0.000e+00]
 [1.075e-02 2.522e-02 1.673e-04 1.097e-05]
 [0.000e+00 0.000e+00 0.000e+00 0.000e+00]
 [1.658e-01 8.941e-03 2.043e-02 6.205e-01]
 [2.161e-02 3.068e-01 1.264e-02 1.393e-01]
 [6.427e-01 2.923e-02 4.535e-03 3.942e-02]
 [0.000e+00 0.000e+00 0.000e+00 0.000e+00]
 [0.000e+00 0.000e+00 0.000e+00 0.000e+00]
 [2.154e-01 1.485e-01 5.741e-01 1.403e-01]
 [5.673e-01 9.575e-01 3.938e-01 3.329e-01]
 [0.000e+00 0.000e+00 0.000e+00 0.000e+00]]
