[[1.392e-01 9.972e-02 8.061e-02 1.109e-01]
 [1.845e-02 3.342e-02 1.950e-02 1.308e-01]
 [2.419e-02 1.540e-01 3.781e-02 5.165e-02]
 [2.799e-04 3.512e-04 2.517e-02 7.138e-02]
 [1.699e-01 5.366e-02 9.874e-03 4.447e-02]
 [0.000e+00 0.000e+00 0.000e+00 0.000e+00]
 [2.116e-03 9.866e-10 9.733e-03 6.833e-04]
 [0.000e+00 0.000e+00 0.000e+00 0.000e+00]
 [1.364e-01 3.719e-02 1.750e-01 1.510e-01]
 [1.013e-01 8.448e-02 2.300e-02 3.722e-02]
 [2.885e-02 8.744e-02 3.137e-03 2.079e-02]
 [0.000e+00 0.000e+00 0.000e+00 0.000e+00]
 [0.000e+00 0.000e+00 0.000e+00 0.000e+00]
 [4.998e-02 1.157e-01 5.629e-01 1.266e-01]
 [5.860e-01 3.770e-01 3.798e-01 2.433e-01]
 [0.000e+00 0.000e+00 0.000e+00 0.000e+00]]
